/*Capacitance offset pF, Max pulse voltage, Reverse bias voltage, Pulse width, td, # measurements, C-range(12=2pF,13=2pF...), delay0.000 19.200 -17.000 0.050 0.010 64.000 NaN 0.005
/*CV voltage, CV capacitance, Pulse bias voltage, DLTS signal 0.000
2.200000E+0	2.270000E-11	-1.680000E+1	2.843750E-4
2.000000E+0	1.941000E-11	-1.660000E+1	5.218750E-4
1.800000E+0	1.805000E-11	-1.640000E+1	5.031250E-4
1.600000E+0	1.746000E-11	-1.620000E+1	4.968750E-4
1.400000E+0	1.731000E-11	-1.600000E+1	5.093750E-4
1.200000E+0	1.723000E-11	-1.580000E+1	5.687500E-4
1.000000E+0	1.713000E-11	-1.560000E+1	6.062500E-4
8.000000E-1	1.707000E-11	-1.540000E+1	7.156250E-4
6.000000E-1	1.702000E-11	-1.520000E+1	5.906250E-4
4.000000E-1	1.699000E-11	-1.500000E+1	6.437500E-4
2.000000E-1	1.695000E-11	-1.480000E+1	7.000000E-4
0.000000E+0	1.691000E-11	-1.460000E+1	6.875000E-4
-2.000000E-1	1.688000E-11	-1.440000E+1	6.406250E-4
-4.000000E-1	1.684000E-11	-1.420000E+1	7.937500E-4
-6.000000E-1	1.680000E-11	-1.400000E+1	9.187500E-4
-8.000000E-1	1.675000E-11	-1.380000E+1	8.375000E-4
-1.000000E+0	1.670000E-11	-1.360000E+1	8.000000E-4
-1.200000E+0	1.665000E-11	-1.340000E+1	7.781250E-4
-1.400000E+0	1.658000E-11	-1.320000E+1	9.718750E-4
-1.600000E+0	1.652000E-11	-1.300000E+1	1.031250E-3
-1.800000E+0	1.645000E-11	-1.280000E+1	1.012500E-3
-2.000000E+0	1.638000E-11	-1.260000E+1	9.781250E-4
-2.200000E+0	1.631000E-11	-1.240000E+1	1.131250E-3
-2.400000E+0	1.622000E-11	-1.220000E+1	1.021875E-3
-2.600000E+0	1.615000E-11	-1.200000E+1	1.187500E-3
-2.800000E+0	1.607000E-11	-1.180000E+1	1.237500E-3
-3.000000E+0	1.598000E-11	-1.160000E+1	1.159375E-3
-3.200000E+0	1.590000E-11	-1.140000E+1	1.325000E-3
-3.400000E+0	1.581000E-11	-1.120000E+1	1.293750E-3
-3.600000E+0	1.572000E-11	-1.100000E+1	1.337500E-3
-3.800000E+0	1.564000E-11	-1.080000E+1	1.446875E-3
-4.000000E+0	1.555000E-11	-1.060000E+1	1.496875E-3
-4.200000E+0	1.547000E-11	-1.040000E+1	1.328125E-3
-4.400000E+0	1.539000E-11	-1.020000E+1	1.446875E-3
-4.600000E+0	1.531000E-11	-1.000000E+1	1.553125E-3
-4.800000E+0	1.523000E-11	-9.800000E+0	1.496875E-3
-5.000000E+0	1.515000E-11	-9.600000E+0	1.546875E-3
-5.200000E+0	1.508000E-11	-9.400000E+0	1.653125E-3
-5.400000E+0	1.500000E-11	-9.200000E+0	1.559375E-3
-5.600000E+0	1.493000E-11	-9.000000E+0	1.731250E-3
-5.800000E+0	1.485000E-11	-8.800000E+0	1.734375E-3
-6.000000E+0	1.479000E-11	-8.600000E+0	1.718750E-3
-6.200000E+0	1.471000E-11	-8.400000E+0	1.881250E-3
-6.400000E+0	1.465000E-11	-8.200000E+0	1.768750E-3
-6.600000E+0	1.458000E-11	-8.000000E+0	1.881250E-3
-6.800000E+0	1.451000E-11	-7.800000E+0	1.884375E-3
-7.000000E+0	1.445000E-11	-7.600000E+0	2.025000E-3
-7.200000E+0	1.439000E-11	-7.400000E+0	2.200000E-3
-7.400000E+0	1.433000E-11	-7.200000E+0	2.031250E-3
-7.600000E+0	1.427000E-11	-7.000000E+0	2.215625E-3
-7.800000E+0	1.421000E-11	-6.800000E+0	2.178125E-3
-8.000000E+0	1.415000E-11	-6.600000E+0	2.268750E-3
-8.200000E+0	1.409000E-11	-6.400000E+0	2.206250E-3
-8.400000E+0	1.405000E-11	-6.200000E+0	2.350000E-3
-8.600000E+0	1.399000E-11	-6.000000E+0	2.378125E-3
-8.800000E+0	1.394000E-11	-5.800000E+0	2.415625E-3
-9.000000E+0	1.388000E-11	-5.600000E+0	2.484375E-3
-9.200000E+0	1.384000E-11	-5.400000E+0	2.425000E-3
-9.400000E+0	1.378000E-11	-5.200000E+0	2.353125E-3
-9.600000E+0	1.374000E-11	-5.000000E+0	2.706250E-3
-9.800000E+0	1.369000E-11	-4.800000E+0	2.787500E-3
-1.000000E+1	1.364000E-11	-4.600000E+0	3.181250E-3
-1.020000E+1	1.359000E-11	-4.400000E+0	3.246875E-3
-1.040000E+1	1.355000E-11	-4.200000E+0	3.403125E-3
-1.060000E+1	1.350000E-11	-4.000000E+0	3.943750E-3
-1.080000E+1	1.346000E-11	-3.800000E+0	4.396875E-3
-1.100000E+1	1.341000E-11	-3.600000E+0	4.946875E-3
-1.120000E+1	1.337000E-11	-3.400000E+0	5.475000E-3
-1.140000E+1	1.333000E-11	-3.200000E+0	6.456250E-3
-1.160000E+1	1.329000E-11	-3.000000E+0	7.443750E-3
-1.180000E+1	1.324000E-11	-2.800000E+0	8.309375E-3
-1.200000E+1	1.320000E-11	-2.600000E+0	9.487500E-3
-1.220000E+1	1.317000E-11	-2.400000E+0	1.048437E-2
-1.240000E+1	1.313000E-11	-2.200000E+0	1.180625E-2
-1.260000E+1	1.309000E-11	-2.000000E+0	1.304688E-2
-1.280000E+1	1.305000E-11	-1.800000E+0	1.424062E-2
-1.300000E+1	1.302000E-11	-1.600000E+0	1.553437E-2
-1.320000E+1	1.297000E-11	-1.400000E+0	1.665312E-2
-1.340000E+1	1.294000E-11	-1.200000E+0	1.787188E-2
-1.360000E+1	1.291000E-11	-1.000000E+0	1.933125E-2
-1.380000E+1	1.287000E-11	-8.000000E-1	2.055625E-2
-1.400000E+1	1.284000E-11	-6.000000E-1	2.170000E-2
-1.420000E+1	1.280000E-11	-4.000000E-1	2.274687E-2
-1.440000E+1	1.277000E-11	-2.000000E-1	2.370312E-2
-1.460000E+1	1.274000E-11	0.000000E+0	2.481563E-2
-1.480000E+1	1.271000E-11	2.000000E-1	2.584375E-2
-1.500000E+1	1.268000E-11	4.000000E-1	2.690000E-2
-1.520000E+1	1.264000E-11	6.000000E-1	2.815625E-2
-1.540000E+1	1.261000E-11	8.000000E-1	2.941250E-2
-1.560000E+1	1.259000E-11	1.000000E+0	3.100625E-2
-1.580000E+1	1.255000E-11	1.200000E+0	3.233750E-2
-1.600000E+1	1.253000E-11	1.400000E+0	3.352500E-2
-1.620000E+1	1.249000E-11	1.600000E+0	3.462813E-2
-1.640000E+1	1.246000E-11	1.800000E+0	3.542812E-2
-1.660000E+1	1.244000E-11	2.000000E+0	3.595000E-2
-1.680000E+1	1.241000E-11	2.200000E+0	3.615625E-2
-1.700000E+1	1.237000E-11	NaN	NaN
